0.0144041190511757666997683102749761019367724657058715820312500000000000000000000000000000000000000000 0.0000010749433814353120409388394479455186569794022943824529647827148437500000000000000000000000000000
0.0167724432545510761249918374460321501828730106353759765625000000000000000000000000000000000000000000 0.0000007618255993986173675819144335275012736019561998546123504638671875000000000000000000000000000000
0.0179892622762890808107982820729375816881656646728515625000000000000000000000000000000000000000000000 0.0000006443244027101077639563893491303492311317313578911125659942626953125000000000000000000000000000
0.0180405655990408496369692414873497909866273403167724609375000000000000000000000000000000000000000000 0.0000006401124480743028603651166574817210630499175749719142913818359375000000000000000000000000000000
0.0181345197578634716173429097807456855662167072296142578125000000000000000000000000000000000000000000 0.0000006310676017323913575572452358541930550472898175939917564392089843750000000000000000000000000000
0.0181997487511744437949090524853090755641460418701171875000000000000000000000000000000000000000000000 0.0000006256508369587159974667032145967393574892412289045751094818115234375000000000000000000000000000
0.0183197087171219803736210707256759633310139179229736328125000000000000000000000000000000000000000000 0.0000006160302969389210993420187556512956916776602156460285186767578125000000000000000000000000000000
0.0183827528681000558485880702619397197850048542022705078125000000000000000000000000000000000000000000 0.0000006111271358893248030033141550421138532556142308749258518218994140625000000000000000000000000000
0.0199026556379842643751398867379975854419171810150146484375000000000000000000000000000000000000000000 0.0000005000156930512680921076121634549771499678172403946518898010253906250000000000000000000000000000
0.0241433651040265893905623073578681214712560176849365234375000000000000000000000000000000000000000000 0.0000002839730098031799644654976731011908341884009132627397775650024414062500000000000000000000000000
